,track_name,id,acousticness,danceability,speechiness,instrumentalness,liveness,energy,valence,duration_ms,key,mode,loudness,tempo,time_signature
0,Amsterdam,4Av7Vi2zGAQfPPxHXoH82Y,0.0569,0.69,0.307,0.0,0.583,0.645,0.38,149826,9,1,-5.738,104.93,4
1,By The River,2DdeoqbYD4cvoOQ12E8F7Y,0.00105,0.7,0.0358,0.00225,0.301,0.779,0.485,184500,0,1,-5.404,119.989,4
2,Sinner,4qXLsBbTGaS619BEzw3IfK,0.00658,0.688,0.112,0.0,0.513,0.717,0.647,189850,9,0,-6.237,121.958,4
3,Simple Man,2MPZzvA9W1iMopiEuDJA3X,0.0145,0.587,0.0777,0.198,0.663,0.908,0.525,170285,10,1,-5.228,122.023,4
4,Famous,6fsGjBciLBrir53BHUeUbk,0.00198,0.8,0.0929,0.0,0.403,0.812,0.707,165916,8,0,-5.63,119.986,4
5,Messiah,3tphnO4RLFj4o79q8lNcoR,0.0736,0.61,0.0475,0.0,0.112,0.748,0.624,184200,10,0,-6.856,100.007,4
6,Ready For Love,4Cfjx7SoVwHVryBpxeZcH1,0.0046,0.633,0.158,4.26e-06,0.775,0.88,0.441,178064,8,1,-4.808,124.037,4
7,Alive,20klf8XYYYar2CvySAW4Ik,0.0967,0.679,0.0498,7.44e-06,0.468,0.73,0.587,182234,4,1,-4.727,123.96,4
8,Only Breath,2Ln8qXqpRe9Pebei6ubOdi,0.00116,0.572,0.107,0.0,0.378,0.692,0.32,178560,2,1,-7.028,124.741,4
9,Jubel,27ZhKzjHoE0UUlyMXu0ZFa,0.185,0.698,0.0417,0.238,0.0542,0.476,0.181,283638,0,1,-7.459,124.986,4
10,Punga,4VBCN6uZjhB5ofZJXA4bLF,0.174,0.681,0.0342,0.724,0.0746,0.392,0.302,308836,3,1,-6.538,127.956,4
11,Verona,67ynLMDYjqzEoRC7Aa4DEh,0.00276,0.592,0.0279,0.222,0.128,0.653,0.0913,200625,4,1,-7.485,127.998,4
12,RIVA (Restart The Game) - Radio Edit,2SFCdSu7HJnsLlTGC7cc8f,0.106,0.615,0.0554,4.61e-06,0.0855,0.738,0.54,180862,2,0,-5.767,124.022,4
13,Losing U,3O3lsUYkkrolKZEfH4pTQn,0.0938,0.617,0.0316,9.45e-05,0.0945,0.675,0.224,217015,6,1,-6.695,122.009,4
14,Somewhere New - Radio Edit,3BhYolk2xEOXL3cM0GZKXb,0.000341,0.681,0.0455,0.00618,0.0594,0.648,0.317,208306,5,1,-5.995,124.068,4
15,Pumped Up,7Bj5sIMpuI5io0C6EO6BWr,0.00719,0.732,0.107,1.49e-05,0.34,0.734,0.643,177073,0,1,-6.423,123.033,4
16,Rebel Yell,0WtoTPQ1fa0Dz4va3vr23i,0.18,0.657,0.155,0.0,0.138,0.711,0.311,210221,0,1,-4.909,121.983,4
17,Wonders,1nEVcl1O1jGEuoR8Y0BLrV,0.00545,0.624,0.0428,3.32e-06,0.0959,0.804,0.724,187636,7,1,-8.133,109.993,4
