,track_name,id,acousticness,danceability,speechiness,instrumentalness,liveness,energy,valence,duration_ms,key,mode,loudness,tempo,time_signature
0,Leray,6GivWRmlYtefJr28jev6e0,0.789,0.774,0.087,0.00103,0.109,0.195,0.369,122707,4,1,-12.233,132.847,4
1,Who Needs Love,2ktxr00GpTtbMNeBjNeY8D,0.763,0.85,0.0714,0.0,0.0896,0.516,0.874,158532,0,0,-7.664,108.963,4
2,Love Sick,2PRKaIkl62537yLUt8VhHR,0.527,0.861,0.104,4.12e-05,0.622,0.712,0.687,177981,6,0,-6.72,119.042,4
3,Love Me More,6uYgCE2OEulOw5zhHvZsHf,0.22,0.638,0.0504,0.0,0.241,0.539,0.247,143713,10,1,-5.853,83.381,4
4,Real Feel,6Dqja51kHdm93TJGkX7T16,0.372,0.837,0.0767,0.0,0.0862,0.57,0.425,258552,2,1,-5.221,74.514,4
5,This Ain't That,07NMFSwppnky8JyIQIxAQZ,0.114,0.716,0.0589,0.0,0.366,0.68,0.219,207059,4,0,-4.755,76.47,4
6,6 Kiss,7tgjDlQsMR8RvkdlNCJA58,0.109,0.687,0.154,0.0,0.282,0.449,0.229,199437,2,1,-10.061,142.048,4
7,Til The End of Time,3Z9vHQOOPvRtOnTPyXLkWD,0.182,0.747,0.0292,1.11e-06,0.319,0.596,0.502,174433,7,0,-6.904,120.006,4
8,U Deserve It,4hQ6o8ECY5MyHyodnyOHEw,0.547,0.817,0.0316,4.28e-06,0.0758,0.509,0.551,244601,5,1,-7.287,110.014,4
9,Hate Me,1FxTz4x5X7ewAICkKhB3kA,0.406,0.872,0.0664,0.0,0.109,0.48,0.61,144771,10,1,-7.184,121.013,4
10,All For Me,01kOu8BA8yzAHx9LUidTi9,0.505,0.445,0.483,0.0,0.0797,0.737,0.642,164780,11,0,-5.516,74.374,4
11,Sickening,56S5YTNqlsXSnR5T1S2oyJ,0.174,0.78,0.0881,0.0,0.127,0.679,0.47,193933,5,1,-4.554,139.978,4
12,The Grinch,1W24W6jQegnNh0x5DfBBPT,0.137,0.676,0.0971,6.36e-05,0.0981,0.503,0.196,91288,8,1,-6.115,162.85,4
13,Death,3Kd6Wp3lG5HXMB2dlvuy7y,0.0579,0.802,0.146,0.0,0.149,0.82,0.613,172196,10,0,-5.969,164.005,4
14,RMP,5e4oAwSsIzkNZxh4fLSKUH,0.433,0.732,0.0648,0.0,0.369,0.411,0.0333,129524,0,1,-5.064,126.005,4
15,M's,2UUnhLf51JSrji1FAbJ17G,0.719,0.781,0.256,0.0,0.275,0.672,0.757,113143,1,1,-4.159,140.281,4
16,Bust Down Deux,39WVsfrPyaLCx04khGj3fN,0.181,0.744,0.0873,0.0,0.158,0.677,0.417,135479,5,1,-4.605,155.954,4
17,The Jungle Book,2cSqeOJIaFPEF7N5J7xiIZ,0.0491,0.686,0.0912,0.0,0.382,0.648,0.0538,159556,1,1,-6.055,85.004,4
18,Chosen,1M4pM5XgwxasguJP1dJIC6,0.596,0.848,0.151,0.0,0.121,0.454,0.558,184615,2,1,-6.934,116.968,4
19,Abandoned,55L35RJDZHEd5kIqz0Umkv,0.926,0.801,0.0428,0.0,0.109,0.153,0.429,240048,9,1,-8.492,130.18,4
20,Can You Rap Like Me - Pt. 2,6v36HjllB4mRIFlT3U1ZPL,0.232,0.772,0.397,0.0,0.108,0.875,0.616,132023,1,1,-5.534,101.989,4
