,track_name,artist,id,acousticness,danceability,speechiness,instrumentalness,liveness,energy,valence,duration_ms,key,mode,loudness,tempo,time_signature
0,I Took A Pill In Ibiza - Seeb Remix,Mike Posner,17Fd6Yb7mSbinKG8LoWfFl,0.0353,0.663,0.112,7.68e-06,0.0843,0.713,0.69,197933.0,7.0,0.0,-6.647,101.965,4.0
1,Love Yourself,Justin Bieber,3hB5DgAiMAQ4DzYbsMq1IT,0.835,0.609,0.438,0.0,0.28,0.378,0.515,233720.0,4.0,1.0,-9.828,100.418,4.0
2,PILLOWTALK,ZAYN,0PDUDa38GO8lMxLCRc4lL1,0.117,0.584,0.0456,0.0,0.0939,0.7,0.438,202747.0,11.0,1.0,-4.275,124.944,4.0
3,Lovers & Friends,Lil Jon,22iOO39QpOuEE9Igz2PxyG,0.0633,0.585,0.255,0.0,0.464,0.49,0.498,260613.0,10.0,1.0,-6.19,69.987,4.0
4,7 Years,Lukas Graham,7129iqBafaphfc3WPCGC0L,0.29,0.742,0.0551,0.0,0.391,0.479,0.346,237300.0,10.0,1.0,-5.83,119.951,4.0
5,Simple Things,Miguel,2YEr07055St40kz0aUfm4f,0.642,0.536,0.0429,0.000802,0.119,0.496,0.234,196027.0,8.0,1.0,-6.452,80.925,4.0
6,Like I'm Gonna Lose You,Meghan Trainor,2YlZnw2ikdb837oKMKjBkW,0.4,0.63,0.0434,0.0,0.177,0.53,0.417,225053.0,0.0,1.0,-7.259,108.038,3.0
7,If I Have To,Avery Wilson,4DLZpekzmIm1fSO0IPEk3R,0.34,0.398,0.115,0.0,0.125,0.508,0.0903,184173.0,6.0,1.0,-4.614,77.893,4.0
8,I Need a Girl Part 2 (feat. Loon,Diddy,6Wt5QBzHp9vdSLAFlvdnDQ,0.421,0.713,0.483,0.0,0.0308,0.471,0.781,285587.0,1.0,0.0,-7.392,199.765,4.0
9,æ˜Žæ˜Žå°±,Jay Chou,04x6DpeFQ72efXsD0DmWPQ,0.14,0.543,0.0262,0.0,0.0876,0.428,0.173,260387.0,9.0,1.0,-8.966,112.985,4.0
10,ä¸ƒé‡Œé¦™,Jay Chou,3kwqNLXvsjSrIXbVsRBj8q,0.382,0.483,0.028,0.00011,0.278,0.576,0.49,295307.0,0.0,0.0,-6.911,142.132,4.0
11,çŠç‘šæµ·,Jay Chou,4JY5s40ymnG18f6wxQtzPw,0.773,0.459,0.0274,0.0,0.135,0.565,0.149,254320.0,8.0,1.0,-5.537,145.988,4.0
12,çµ¦æˆ‘ä¸€é¦–æ­Œçš„æ™‚é–“,Jay Chou,1KlVJebZrrMSMxcEKOV5w5,0.272,0.756,0.0282,0.0,0.146,0.635,0.519,251560.0,1.0,1.0,-5.369,118.004,4.0
13,èªªå¥½çš„å¹¸ç¦å‘¢,Jay Chou,6W2tmkeuHKaedHhdTPnyVs,0.345,0.543,0.0282,0.0,0.134,0.473,0.24,254720.0,9.0,0.0,-7.958,117.61,4.0
14,æ„›ä½ æ²’å·®,Jay Chou,0N8PEQ33Ba841py3SEV0Wp,0.0969,0.458,0.0258,0.0,0.109,0.53,0.225,280720.0,0.0,1.0,-8.401,150.142,4.0
15,Mine Mine,Jay Chou,6C07AiFdxKqUPbv92K4CG7,0.139,0.764,0.0259,0.00409,0.083,0.434,0.286,268173.0,5.0,0.0,-9.634,112.974,4.0
16,æˆ‘ä¸é… - Live,Jay Chou,2wGf8JbSGQB4XfZTJkEJPY,0.642,0.574,0.0271,0.0,0.364,0.59,0.465,292080.0,10.0,1.0,-6.402,107.996,4.0
17,ä½ æ˜¯æˆ‘çš„OKç¹ƒ - Live,Jay Chou,1XACy3ciknn4TIwWdoTeJx,0.634,0.536,0.0282,0.0,0.372,0.713,0.537,282720.0,11.0,1.0,-5.77,81.984,4.0
18,ç¨»é¦™,Jay Chou,6Uq8BnOxvXJsQiJ2XqfO5P,0.286,0.67,0.0628,0.0,0.0843,0.626,0.205,223453.0,9.0,1.0,-5.027,163.985,4.0
19,æˆ‘ä¸é…,Jay Chou,7G7ao6iFuNIn2k9cZhO5lP,0.511,0.731,0.0244,3.04e-06,0.0775,0.489,0.363,286760.0,10.0,1.0,-8.361,108.019,4.0
20,è’²å…¬è‹±çš„ç´„å®š,Jay Chou,4hYHaROtjB6YREh6AgW3fd,0.128,0.569,0.0239,0.0,0.0999,0.507,0.15,245200.0,0.0,1.0,-7.191,135.977,4.0
21,è½åª½åª½çš„è©±,Jay Chou,14YooSSTGCikWjqD0e5r4j,0.391,0.719,0.0287,6.52e-05,0.11,0.64,0.595,263973.0,10.0,1.0,-6.615,92.989,4.0
22,é€€å¾Œ,Jay Chou,5wliwpm3bkFQ7Z8l3lLTwf,0.406,0.661,0.0246,0.0,0.111,0.572,0.186,260200.0,0.0,1.0,-5.665,131.954,4.0
23,èŠèŠ±å°,Jay Chou,4sLlPACKA3OTNcJryGgWKR,0.569,0.406,0.0277,0.0,0.225,0.354,0.222,293960.0,5.0,1.0,-6.814,137.746,4.0
24,æµªæ¼«æ‰‹æ©Ÿ,Jay Chou,4ofmSKnAYj295dE0klRGQx,0.656,0.565,0.0325,0.000202,0.117,0.504,0.378,238400.0,10.0,1.0,-8.324,170.023,4.0
25,å¤œæ›²,Jay Chou,32nainF4TXsMpuFOGCkzzM,0.283,0.674,0.0452,0.0588,0.226,0.649,0.6,226773.0,1.0,1.0,-5.869,86.984,4.0
26,é¾æ²é¢¨,Jay Chou,0ZJecVwpRY2TKi3j2kkwXR,0.681,0.637,0.0314,0.0,0.102,0.557,0.544,248160.0,9.0,1.0,-6.585,143.945,4.0
27,å¥¹èªª,JJ Lin,632VyMrvhsHIsO4zq9khts,0.948,0.335,0.0331,0.0,0.0619,0.326,0.326,318499.0,0.0,1.0,-7.223,169.267,4.0
28,å°é…’çª©,JJ Lin,53WV5mAY2opmFC0r0LjRdM,0.732,0.637,0.0254,0.0,0.127,0.442,0.338,218027.0,3.0,1.0,-6.073,95.201,4.0
29,ä¸€åƒå¹´ä»¥å¾Œ,JJ Lin,1J59cbPdIwiUMtX1ee7NwM,0.658,0.365,0.0409,0.0,0.146,0.488,0.231,227600.0,2.0,1.0,-6.294,121.975,4.0
30,ç™¼ç¾æ„›,JJ Lin,3D0vHU0QeUsLfJk9qP0Nje,0.599,0.642,0.0288,0.0,0.382,0.512,0.345,220056.0,1.0,1.0,-7.705,122.926,3.0
31,çªç„¶å¥½æƒ³ä½ ,Mayday,3mTmGzRwgPPqLSi7Smvkxt,0.213,0.471,0.0268,5.32e-06,0.197,0.459,0.383,265867.0,2.0,1.0,-6.502,140.17,4.0
32,ä¾ç„¶æ„›ä½ ,Leehom Wang,7qOp7uoBitD281yF5PxWAy,0.837,0.635,0.0587,0.0,0.129,0.374,0.401,244600.0,9.0,1.0,-10.116,147.989,4.0
33,å¿ƒè·³,Leehom Wang,6D6tjxdEoUKm2gpuPMZW6M,0.172,0.546,0.0279,0.0,0.131,0.499,0.172,262080.0,7.0,1.0,-6.139,115.486,4.0
34,ä½ æ˜¯æˆ‘å¿ƒå…§çš„ä¸€é¦–æ­Œ,Leehom Wang,0s4jjt2KLI64rHZyLIT9gr,0.226,0.535,0.0272,0.0,0.102,0.529,0.585,166693.0,6.0,1.0,-6.796,181.684,4.0
35,ä½ ä¸çŸ¥é“çš„äº‹,Leehom Wang,6KAw9NEvkVlIhg5T0G97M8,0.494,0.493,0.0251,0.0,0.13,0.295,0.301,277160.0,1.0,1.0,-9.924,86.982,4.0
36,ç¬¬ä¸€å€‹æ¸…æ™¨ - Live,Leehom Wang,2ryAcZJz8x9LGqCKEKsHng,0.868,0.371,0.0495,0.0,0.131,0.0517,0.236,116587.0,9.0,1.0,-25.516,93.527,4.0
37,Let Me Love You,Mario,5xV0Czdqefft6sPDqjmFBu,0.169,0.681,0.058,0.0,0.0924,0.586,0.604,249093.0,7.0,0.0,-8.324,94.539,4.0
38,Sure Thing,Miguel,0JXXNGljqupsJaZsgSbMZV,0.0275,0.684,0.0989,0.000311,0.191,0.603,0.504,195373.0,11.0,0.0,-8.127,81.0,4.0
39,It Won't Stop (feat. Chris Brown),Sevyn Streeter,2xRYnHQdLD9ketvC01UYYT,0.016,0.657,0.0407,8.1e-05,0.172,0.574,0.211,281080.0,1.0,0.0,-9.484,119.992,4.0
40,æ™´å¤©,Jay Chou,0F02KChKwbcQ3tk4q1YxLH,0.276,0.547,0.0242,0.000548,0.104,0.567,0.399,269747.0,7.0,1.0,-7.295,137.13,4.0
41,å¯æƒœæ²’å¦‚æžœ,JJ Lin,6WoQzK5Exbfcmow1AoNRkl,0.617,0.486,0.0262,0.0,0.116,0.424,0.286,298293.0,0.0,1.0,-5.755,79.989,4.0
42,Photograph,Ed Sheeran,6fxVffaTuwjgEk5h9QyRjy,0.607,0.614,0.0476,0.000464,0.0986,0.379,0.201,258987.0,4.0,1.0,-10.48,107.989,4.0
43,Thinking Out Loud,Ed Sheeran,1Slwb6dOYkBlWal1PGtnNg,0.474,0.781,0.0295,0.0,0.184,0.445,0.591,281560.0,2.0,1.0,-6.061,78.998,4.0
44,The A Team,Ed Sheeran,1VdZ0vKfR5jneCmWIUAMxK,0.669,0.642,0.0367,0.0,0.18,0.289,0.407,258373.0,9.0,1.0,-9.918,84.996,4.0
45,How to Save a Life,The Fray,5fVZC9GiM4e8vu99W0Xf6J,0.269,0.64,0.0379,0.0,0.101,0.743,0.361,262533.0,10.0,1.0,-4.08,122.035,4.0
46,You Found Me,The Fray,4IoYz8XqqdowINzfRrFnhi,0.0187,0.338,0.0413,0.0,0.136,0.803,0.4,241853.0,8.0,0.0,-5.412,151.994,4.0
47,Next To You,Chris Brown,7DVvm94B6KDKtI6wzG4Vvm,0.0201,0.67,0.037,0.0,0.11,0.676,0.349,265813.0,8.0,1.0,-4.725,114.974,4.0
48,With You,Chris Brown,1CdkNxTlkUWR4ZnXcKES3b,0.134,0.662,0.0698,0.0,0.145,0.693,0.655,252120.0,3.0,1.0,-4.298,86.009,4.0
49,I Wanna Be,Chris Brown,2BXm7Q39qO2B6LlckVPjtg,0.302,0.717,0.0537,0.0,0.0919,0.562,0.652,226173.0,11.0,0.0,-7.03,121.967,4.0
50,Yo (Excuse Me Miss),Chris Brown,7DFnq8FYhHMCylykf6ZCxA,0.119,0.536,0.272,0.0,0.209,0.612,0.57,229040.0,4.0,1.0,-5.847,86.768,4.0
51,Crush,Yuna,3Txcx4jhuiTZSvhAL0WaRc,0.366,0.678,0.0498,3.78e-06,0.0885,0.414,0.355,243133.0,9.0,0.0,-10.144,130.031,4.0
52,ç«¥è©±,Michael Wong,09oeZoDXXHxQKZnGlewEQu,0.769,0.549,0.0266,0.0,0.095,0.452,0.361,244968.0,6.0,1.0,-5.373,136.083,4.0
53,ç¬¬ä¸€æ¬¡,Michael Wong,5u59RQ4xyBhnUR81b2detz,0.557,0.279,0.0346,0.0,0.0916,0.395,0.254,263360.0,0.0,1.0,-7.961,207.846,4.0
54,å‹‰å¼·,Hu Xia,3MMJw13cPo3E5ni0qmip4I,0.0706,0.571,0.0256,2.68e-06,0.0949,0.522,0.351,283933.0,10.0,0.0,-7.404,143.034,4.0
55,æŒ‡æœ›,Yisa Yu,76Yiw00dOGxBkHbaZS5pOZ,0.739,0.643,0.0332,0.0,0.12,0.505,0.208,239279.0,2.0,1.0,-5.344,116.101,4.0
56,æœ€è¿‘,Sam Lee,57pUHpCltt09b5w1W6m9qb,0.59,0.664,0.0328,0.0,0.139,0.432,0.29,243442.0,11.0,1.0,-7.406,113.879,4.0
57,å°é¢çš„å¥³å­©çœ‹éŽä¾†,Richie Jen,51vo4MbGHmzEuW5Nrk6flg,0.067,0.61,0.0754,0.0,0.186,0.703,0.511,189940.0,0.0,1.0,-6.15,129.991,4.0
58,æ‰‹å¿ƒçš„è–”è–‡,JJ Lin,07DWACsD58aEdq6XnDadLh,0.849,0.422,0.0278,0.0,0.276,0.499,0.17,280053.0,7.0,1.0,-5.702,86.948,4.0
59,æ±Ÿå—,JJ Lin,0YgvF6fNWydNGzCY3pzK4Y,0.75,0.621,0.0371,0.0,0.315,0.517,0.404,265000.0,7.0,0.0,-9.433,120.021,4.0
60,Cold Water (feat. Justin Bieber & MÃ˜),Major Lazer,6DNtNfH8hXkqOX1sjqmI7p,0.0736,0.608,0.0432,0.0,0.156,0.798,0.501,185352.0,6.0,0.0,-5.092,92.943,4.0
61,Closer,The Chainsmokers,7BKLCZ1jbUBVqRi2FVlTVw,0.414,0.748,0.0338,0.0,0.111,0.524,0.661,244960.0,8.0,1.0,-5.599,95.01,4.0
62,Our First Song,Joseph Vincent,6J9tgHIE8qdy5ulg3c9SwG,0.958,0.701,0.0477,1.1e-05,0.0938,0.252,0.723,171028.0,11.0,1.0,-10.844,158.087,4.0
63,The Ocean,Mike Perry,2CPqh63wRVscbceKcPxwvv,0.0225,0.632,0.029,1.81e-06,0.104,0.575,0.188,183414.0,5.0,1.0,-6.478,90.037,4.0
64,å¥½çœ¼æ·šå£žçœ¼æ·š,Vivian Hsu,2s6yR0dHeXhLAwbCpeBQQO,0.851,0.575,0.026,7.09e-06,0.0943,0.285,0.399,234653.0,11.0,1.0,-10.433,76.981,4.0
65,å´‡æ‹œ,Fish Leong,,,,,,,,,,,,,,
