,track_name,artist,id,acousticness,danceability,speechiness,instrumentalness,liveness,energy,valence,duration_ms,key,mode,loudness,tempo,time_signature
0,PLAYING WITH FIRE - KR Ver.,BLACKPINK,5OepnJhqZoyJN8qWo2LZzy,0.044,0.704,0.108,0.0,0.186,0.758,0.663,197667.0,4.0,0.0,-4.393,97.052,4.0
1,STAY - KR Ver.,BLACKPINK,2tnBkiyJWLnQGsjyz4BuJJ,0.542,0.629,0.0364,3.56e-06,0.117,0.421,0.353,231307.0,1.0,1.0,-6.746,87.939,4.0
2,WHISTLE - (Acoustic Ver.) KR Ver.,BLACKPINK,0RzVkLtXOwfETIi4Z3ik1K,0.81,0.837,0.0398,0.0,0.0927,0.462,0.665,213067.0,1.0,0.0,-5.952,103.035,4.0
3,One More Day,SISTAR,0rJdLlV8HyChu3dhdgfFTW,0.0168,0.534,0.0733,0.0,0.123,0.903,0.295,213352.0,5.0,0.0,-3.295,127.991,4.0
4,BOOMBAYAH - KR Ver.,BLACKPINK,1qAPA8TooLVEqAZ58fhcrt,0.00264,0.657,0.0694,0.0,0.412,0.85,0.375,241467.0,5.0,0.0,-3.157,124.882,4.0
5,è¡€ã€æ±—ã€æ¶™ - Japanese ver.,BTS,4MOMdeAcIa3CR1fuGa4vwz,0.0475,0.565,0.0783,0.0,0.375,0.889,0.585,215053.0,0.0,0.0,-2.841,93.091,4.0
6,Not Today - Japanese ver.,BTS,4iVQC6HVPH2Tfr1J4PoCBa,0.00163,0.594,0.145,0.0,0.965,0.951,0.653,232133.0,0.0,0.0,-2.942,110.041,4.0
7,Spring Day - Japanese ver.,BTS,51AwZQBaU8wDggPhhI5l7K,0.0179,0.548,0.0371,0.0,0.136,0.829,0.331,274160.0,8.0,1.0,-2.962,106.996,4.0
8,Spring Day,BTS,0WNGsQ1oAuHzNTk8jivBKW,0.0063,0.539,0.0354,1.68e-06,0.13,0.846,0.46,274097.0,8.0,1.0,-3.192,106.992,4.0
9,Blood Sweat & Tears,BTS,5RGf8qn1TBWVplLyyKUsuV,0.0244,0.583,0.106,0.0,0.357,0.885,0.601,217052.0,0.0,0.0,-3.571,92.959,4.0
10,Dope,BTS,6dr6QeqH62tYUiPezRbinq,0.0483,0.619,0.219,0.0,0.324,0.889,0.622,240021.0,10.0,0.0,-3.108,77.058,4.0
11,Not Today,BTS,4hrpoqJMVE7FxBu1YWx0eQ,0.00181,0.594,0.126,1.04e-06,0.923,0.946,0.665,231860.0,8.0,1.0,-3.408,110.024,4.0
12,I Need U,BTS,3RlcLpMmRvSd84Uw6Yt4Iw,0.0215,0.486,0.0706,0.0,0.24,0.88,0.71,210987.0,5.0,0.0,-3.097,158.043,4.0
13,LONELY,SISTAR,7oLXIyY1ZUexU0zcr39Xj0,0.206,0.445,0.0587,0.0,0.422,0.819,0.643,207932.0,7.0,0.0,-3.324,169.577,4.0
14,I Like That,SISTAR,4wAjmojVxc6Wbeca9XvnDo,0.0952,0.564,0.0881,0.0,0.737,0.867,0.882,221371.0,7.0,0.0,-3.137,154.882,4.0
15,Touch my body,SISTAR,5crARIrvoMiMf2AdlD78WN,0.0437,0.633,0.106,0.0,0.107,0.915,0.622,206500.0,9.0,1.0,-2.347,128.033,4.0
16,SHAKE IT,SISTAR,59FBFyeST1vqN8G41YgFS6,0.0234,0.778,0.0735,0.0,0.715,0.957,0.611,208507.0,11.0,0.0,-2.57,118.997,4.0
17,Give it to me,SISTAR,1t88m8JUlqn9kf0FLmVta5,0.187,0.716,0.0411,0.0,0.599,0.943,0.961,201352.0,7.0,0.0,-2.17,136.04,4.0
18,Say I Love You,SISTAR,1EbnuG2uizH1dZoKbYzXPW,0.268,0.533,0.283,0.0,0.162,0.654,0.562,189548.0,0.0,1.0,-5.884,170.044,4.0
19,Monster,EXO,6lM6yIDZ7kxFsgQCCfaLE2,0.0066,0.618,0.0596,0.0,0.127,0.76,0.541,221341.0,6.0,1.0,-4.312,150.0,4.0
20,CALL ME BABY,EXO,4jdiqVbH1eUwc4MzDV7GMu,0.284,0.692,0.0519,0.0,0.341,0.886,0.879,211013.0,1.0,1.0,-2.519,100.03,4.0
21,Lotto,EXO,63obpKLYuY1q2QP7Cbf29a,0.0618,0.798,0.0386,0.0,0.193,0.867,0.702,189775.0,11.0,0.0,-3.207,99.996,4.0
22,ìœ¼ë¥´ë  Growl,EXO,6xy9JYFKcpb9L62PRNnYW5,0.145,0.681,0.0603,0.0,0.556,0.814,0.876,207053.0,11.0,0.0,-2.83,89.99,4.0
23,Dancing King,Yu Jae Seok,4mapUx15LvqkxwJQcINhvH,0.0185,0.729,0.0458,0.0,0.0574,0.88,0.957,244463.0,6.0,1.0,-3.712,127.987,4.0
24,As If It's Your Last,BLACKPINK,1Zyd6zQnC6XIIzmg3hP7Ot,0.0688,0.786,0.0816,0.0,0.0759,0.853,0.45,213264.0,8.0,1.0,-2.687,125.034,4.0
25,Run,BTS,4AyDzfSssIVPriQXxoXCVq,0.00166,0.559,0.0531,0.0,0.0997,0.868,0.523,236748.0,11.0,0.0,-2.97,132.901,4.0
26,VERY NICE,SEVENTEEN,1Rrj7KyS2R6SP9CQMDJW1w,0.0526,0.746,0.0725,0.0,0.0858,0.898,0.879,192093.0,3.0,0.0,-2.818,121.967,4.0
27,Intro: Skool Luv Affair,BTS,6xLm5hdcUTmZPWUzPnQ9US,0.0601,0.587,0.428,0.0,0.0599,0.821,0.671,178282.0,4.0,0.0,-2.701,93.841,4.0
28,Boy in Luv,BTS,44gWm1spxejf9cc589qV28,0.00262,0.491,0.306,0.0,0.34,0.947,0.473,230778.0,0.0,1.0,-2.252,166.247,4.0
29,War of Hormone,BTS,3D26URfsMlCNaa51mj9jOt,0.116,0.612,0.24,0.0,0.307,0.993,0.487,265602.0,9.0,1.0,-1.895,98.004,4.0
30,WHISTLE - KR Ver.,BLACKPINK,67BbMuItfrHmaNqDxBPF7c,0.00579,0.827,0.0945,0.0,0.0935,0.722,0.589,212600.0,6.0,0.0,-4.804,102.972,4.0
31,so far away,Agust D,3zf2lAnc3iq9QPHboWt40z,0.00934,0.504,0.105,0.0,0.364,0.822,0.252,358362.0,11.0,0.0,-4.873,93.924,4.0
32,The Last,Agust D,3G4P1frd96TEUQQPE2ECf1,0.00201,0.76,0.141,0.00248,0.0904,0.827,0.471,245826.0,1.0,1.0,-3.036,120.031,4.0
33,Look Here,BTS,5tHj7TuWS1h6GDU0Ajcm32,0.0418,0.863,0.0893,0.00152,0.0551,0.854,0.784,218887.0,4.0,0.0,-4.564,119.996,4.0
34,Come Back Home,BTS,5dEaQCUCJIQyJs5qVZYXOC,0.00155,0.648,0.081,1.11e-06,0.113,0.881,0.457,244588.0,11.0,0.0,-4.42,100.011,4.0
35,BTS Cypher 4,BTS,1QWxddJmOhQb1vDdyTipMR,0.00533,0.817,0.084,7.77e-06,0.0551,0.797,0.362,294463.0,1.0,0.0,-4.395,119.977,4.0
36,Lie,BTS,2cn8rNlgnQOJoqWqXRvWQu,0.00331,0.542,0.033,0.0,0.178,0.777,0.503,215753.0,6.0,0.0,-5.582,94.069,3.0
37,Begin,BTS,6KQSeSPqBa15gMWLO1fdkk,0.00361,0.566,0.0444,0.000257,0.141,0.844,0.291,229740.0,9.0,0.0,-5.222,131.049,4.0
38,Super Fly,24K,1PdQzu5XLJEwAYQqxwrkRL,0.0508,0.658,0.103,0.0,0.37,0.958,0.626,191202.0,11.0,1.0,-2.176,96.51,4.0
39,ONLY YOU,24K,3iBnpZZXP9Rq85hc9TOlQr,0.182,0.66,0.0525,0.0,0.0779,0.877,0.797,184737.0,1.0,0.0,-1.852,95.034,4.0
40,BINGO,24K,0SPLz2zbrID4hk4fT94ib4,0.206,0.587,0.108,0.0,0.378,0.945,0.851,213439.0,6.0,0.0,-1.41,140.057,4.0
41,Still 24K,24K,54wWoqaydioPQmKEFi8IC3,0.0156,0.622,0.163,0.0,0.258,0.914,0.568,214894.0,11.0,0.0,-1.365,128.956,4.0
42,Hey You,24K,5yQS98SqRlWTg53uaTCbst,0.0222,0.857,0.24,0.000133,0.284,0.926,0.461,185328.0,7.0,1.0,-4.399,103.017,4.0
43,Awake,BTS,0UDCfleTgwihlnOUxbzokR,0.023,0.357,0.0332,1.99e-06,0.269,0.498,0.339,226161.0,3.0,1.0,-6.589,142.816,4.0
44,Stigma,BTS,626lrZfNIlthgrUfjvRYrh,0.148,0.583,0.0846,0.0,0.139,0.475,0.332,216063.0,0.0,0.0,-5.556,136.034,4.0
45,Danger,BTS,6njl4FfPUwVmoIR1RKLq05,0.000907,0.738,0.0703,0.000215,0.275,0.868,0.378,245140.0,1.0,1.0,-3.363,111.992,4.0
46,MAMA,BTS,5U1XqpEGLeDd48dDFNqQEC,0.000226,0.544,0.232,2.14e-05,0.0816,0.739,0.467,212275.0,5.0,0.0,-4.818,185.81,4.0
47,Reflection,BTS,4Eqo5hcqVnaAfL4J4W5Jjl,0.0135,0.56,0.076,1.63e-06,0.2,0.607,0.27,233917.0,2.0,1.0,-7.991,73.995,4.0
48,First Love,BTS,3TVWi92dWPMVcKpXvX32UX,0.362,0.517,0.323,0.0,0.164,0.741,0.672,189795.0,8.0,0.0,-5.997,86.526,4.0
49,BOOMBAYAH,BLACKPINK,1dB06EmjB6NyftV1pxq6Qk,0.0263,0.75,0.0542,2.66e-06,0.221,0.869,0.494,241640.0,5.0,0.0,-2.236,124.951,4.0
50,Like OOH-AHH - Japanese ver.,TWICE,2bnUATKYS3JykGpZjjlbXV,0.341,0.687,0.0566,0.0,0.226,0.837,0.762,215079.0,6.0,1.0,-2.153,142.029,4.0
51,CHEER UP - Japanese ver.,TWICE,5UnRutJ5phJ9Ti4WnFgEoJ,0.175,0.538,0.083,0.0,0.067,0.878,0.467,208862.0,6.0,1.0,-1.291,172.888,4.0
52,TT - Japanese ver.,TWICE,0PAyiPTz8gL0udQnSasc5G,0.0807,0.699,0.0608,8.72e-06,0.44,0.856,0.331,212989.0,2.0,1.0,-3.326,129.96,4.0
53,KNOCK KNOCK - Japanese ver.,TWICE,5LkQpbBFgoyQm1jGlznT7p,0.0984,0.697,0.204,2.92e-06,0.0524,0.957,0.396,197975.0,9.0,1.0,-2.603,130.03,4.0
54,SIGNAL - Japanese ver.,TWICE,4R7QVSqBN0koJHcOL7PGb5,0.271,0.611,0.39,0.0,0.107,0.724,0.656,197929.0,0.0,1.0,-3.303,207.581,4.0
55,Whatta Man (Good man),I.O.I,2MhEeappm9nGPv1p7a1YMS,0.0063,0.559,0.0931,3.85e-05,0.457,0.936,0.696,193605.0,6.0,0.0,-2.254,150.065,4.0
56,Ice Cream Cake,Red Velvet,3kQX7VBJDL0ffqcCn7YDQ1,0.0318,0.58,0.189,0.0,0.0977,0.935,0.603,191440.0,9.0,1.0,-3.348,172.023,4.0
57,Never Ever,GOT7,1dxMG5Rk8lE9kjMI6okEzb,0.24,0.772,0.105,0.0,0.172,0.849,0.744,183902.0,5.0,0.0,-2.961,101.015,4.0
58,Intro: Serendipity,BTS,7iV733e1KacKrFRaBNxVEf,0.523,0.476,0.12,0.0,0.201,0.581,0.282,139972.0,8.0,1.0,-8.795,129.568,4.0
59,DNA,BTS,5SE57ljOIUJ1ybL9U6CuBH,0.022,0.598,0.0545,0.0,0.0677,0.775,0.687,223123.0,1.0,0.0,-4.035,129.819,4.0
60,Best Of Me,BTS,2tdq0CeAGSfhI2l4Gwkvgx,0.0298,0.651,0.0762,0.0,0.396,0.756,0.473,227191.0,8.0,1.0,-4.388,121.96,4.0
61,dimple,BTS,3ryjLm3oupIjJFGc39naNi,0.142,0.612,0.0756,0.0,0.287,0.844,0.653,196776.0,5.0,0.0,-4.694,134.868,4.0
62,Pied Piper,BTS,0ffweDHrg4bZqdG4IfGYuo,0.2,0.583,0.0326,0.0,0.268,0.712,0.776,245621.0,2.0,0.0,-4.942,94.051,4.0
63,MIC Drop,BTS,2SYa5Lx1uoCvyDIW4oee9b,0.00912,0.667,0.0918,0.0,0.0816,0.889,0.541,238193.0,6.0,1.0,-4.851,169.959,4.0
64,Go Go,BTS,5nq1uTNIR1cBR72T87viS0,0.171,0.856,0.0841,0.0,0.0857,0.617,0.759,235780.0,10.0,0.0,-5.308,136.082,4.0
65,Outro: Her,BTS,,,,,,,,,,,,,,
